xx =

 Columns 1 through 6:

  -2.00000  -1.50000  -1.00000  -0.50000   0.00000   0.50000
  -2.00000  -1.50000  -1.00000  -0.50000   0.00000   0.50000
  -2.00000  -1.50000  -1.00000  -0.50000   0.00000   0.50000
  -2.00000  -1.50000  -1.00000  -0.50000   0.00000   0.50000
  -2.00000  -1.50000  -1.00000  -0.50000   0.00000   0.50000
  -2.00000  -1.50000  -1.00000  -0.50000   0.00000   0.50000
  -2.00000  -1.50000  -1.00000  -0.50000   0.00000   0.50000
  -2.00000  -1.50000  -1.00000  -0.50000   0.00000   0.50000
  -2.00000  -1.50000  -1.00000  -0.50000   0.00000   0.50000

 Columns 7 through 9:

   1.00000   1.50000   2.00000
   1.00000   1.50000   2.00000
   1.00000   1.50000   2.00000
   1.00000   1.50000   2.00000
   1.00000   1.50000   2.00000
   1.00000   1.50000   2.00000
   1.00000   1.50000   2.00000
   1.00000   1.50000   2.00000
   1.00000   1.50000   2.00000

yy =

 Columns 1 through 6:

  -2.00000  -2.00000  -2.00000  -2.00000  -2.00000  -2.00000
  -1.50000  -1.50000  -1.50000  -1.50000  -1.50000  -1.50000
  -1.00000  -1.00000  -1.00000  -1.00000  -1.00000  -1.00000
  -0.50000  -0.50000  -0.50000  -0.50000  -0.50000  -0.50000
   0.00000   0.00000   0.00000   0.00000   0.00000   0.00000
   0.50000   0.50000   0.50000   0.50000   0.50000   0.50000
   1.00000   1.00000   1.00000   1.00000   1.00000   1.00000
   1.50000   1.50000   1.50000   1.50000   1.50000   1.50000
   2.00000   2.00000   2.00000   2.00000   2.00000   2.00000

 Columns 7 through 9:

  -2.00000  -2.00000  -2.00000
  -1.50000  -1.50000  -1.50000
  -1.00000  -1.00000  -1.00000
  -0.50000  -0.50000  -0.50000
   0.00000   0.00000   0.00000
   0.50000   0.50000   0.50000
   1.00000   1.00000   1.00000
   1.50000   1.50000   1.50000
   2.00000   2.00000   2.00000

