fm =

 Columns 1 through 5:

   3.0754e+00   3.8416e+00   2.4052e+00   7.5416e-01   2.6501e-01
  -1.7135e+00   2.3662e-01   8.6178e-01   4.1197e-01   7.5880e-02
  -2.7416e+00  -6.1211e-01   3.5356e-01   2.7133e-01   4.0209e-02
  -2.0701e+00  -1.1359e+00   1.4786e-02   2.2115e-01   7.2506e-02
  -2.2158e+00  -1.4792e+00  -2.5647e-01   2.0628e-01   1.4328e-01
  -1.9572e+00  -1.7052e+00  -5.0759e-01   1.6581e-01   1.7470e-01
  -1.7742e+00  -1.9598e+00  -7.7570e-01   1.3018e-01   1.7207e-01
  -1.7731e+00  -2.2250e+00  -1.0009e+00   1.9561e-02   1.3224e-01
  -1.6848e+00  -2.4389e+00  -1.2463e+00  -1.0899e-01   4.0763e-02
  -1.6967e+00  -2.5856e+00  -1.4880e+00  -3.3000e-01  -9.0049e-02
  -1.7627e+00  -2.6846e+00  -1.7017e+00  -5.1424e-01  -2.0890e-01
  -1.8311e+00  -2.7008e+00  -1.8123e+00  -6.7937e-01  -3.0018e-01
  -1.9810e+00  -2.6040e+00  -1.8552e+00  -7.3685e-01  -3.0926e-01
  -2.1206e+00  -2.4425e+00  -1.8166e+00  -7.7548e-01  -2.9499e-01
  -2.2098e+00  -2.3126e+00  -1.7885e+00  -7.5025e-01  -2.1835e-01
  -2.2031e+00  -2.2103e+00  -1.7839e+00  -7.1808e-01  -1.7386e-01
  -2.1045e+00  -2.1447e+00  -1.7823e+00  -7.4241e-01  -1.7804e-01
  -1.8699e+00  -2.1067e+00  -1.8987e+00  -8.4669e-01  -2.6321e-01
  -1.5677e+00  -2.0433e+00  -2.0557e+00  -1.0365e+00  -5.0347e-01
  -1.2091e+00  -1.9550e+00  -2.1942e+00  -1.2883e+00  -7.9040e-01
  -7.9300e-01  -1.7497e+00  -2.3110e+00  -1.5900e+00  -1.1313e+00
  -3.1047e-01  -1.4380e+00  -2.3029e+00  -1.8507e+00  -1.4450e+00
   1.6820e-01  -1.0215e+00  -2.1694e+00  -2.0241e+00  -1.6842e+00
   6.7687e-01  -5.4494e-01  -1.9171e+00  -2.0842e+00  -1.7534e+00
   1.1937e+00  -6.6133e-02  -1.5679e+00  -2.0096e+00  -1.7114e+00
   1.6253e+00   4.0527e-01  -1.1873e+00  -1.8705e+00  -1.5719e+00
   1.9864e+00   7.7749e-01  -8.2245e-01  -1.6529e+00  -1.3941e+00
   2.1921e+00   1.0111e+00  -5.4170e-01  -1.4024e+00  -1.1845e+00
   2.2673e+00   1.0699e+00  -3.6439e-01  -1.2043e+00  -9.9916e-01
   2.2242e+00   9.4568e-01  -3.4599e-01  -1.0432e+00  -8.6765e-01
   2.1045e+00   6.5291e-01  -4.3185e-01  -9.4237e-01  -7.9818e-01
   1.9076e+00   2.7194e-01  -6.8427e-01  -9.0957e-01  -7.8756e-01
   1.6839e+00  -1.5777e-01  -9.7246e-01  -9.4731e-01  -8.5214e-01
   1.4252e+00  -5.1942e-01  -1.2983e+00  -1.0692e+00  -9.3016e-01
   1.1813e+00  -7.5372e-01  -1.6089e+00  -1.1925e+00  -1.0321e+00
   9.1943e-01  -8.3014e-01  -1.7667e+00  -1.3701e+00  -1.1027e+00
   6.3678e-01  -7.6294e-01  -1.7378e+00  -1.4574e+00  -1.1488e+00
   4.0452e-01  -6.1195e-01  -1.5699e+00  -1.4804e+00  -1.1121e+00
   2.1804e-01  -4.0635e-01  -1.3235e+00  -1.3671e+00  -1.0175e+00
   8.2617e-02  -2.0976e-01  -9.9256e-01  -1.0999e+00  -8.1585e-01
   1.1252e-03  -7.9424e-02  -5.5500e-01  -6.5602e-01  -4.8936e-01

 Columns 6 through 10:

  -1.2181e-01  -3.9479e-01  -6.5761e-01  -9.4245e-01  -1.2728e+00
  -1.9172e-01  -3.9304e-01  -5.0015e-01  -6.1806e-01  -7.2475e-01
  -1.7336e-01  -2.9213e-01  -3.3580e-01  -3.9138e-01  -3.9572e-01
  -7.9218e-02  -1.7035e-01  -1.8790e-01  -1.6985e-01  -1.7093e-01
   1.2131e-02  -6.6377e-02  -6.3831e-02  -3.4661e-02   1.7908e-02
   9.8039e-02   6.3442e-02   5.1787e-02   9.6308e-02   1.5911e-01
   1.6333e-01   1.0283e-01   1.1179e-01   1.3806e-01   2.3272e-01
   1.5642e-01   1.4502e-01   9.1949e-02   1.1850e-01   2.1242e-01
   8.9030e-02   1.0674e-01   5.7428e-02   1.0033e-01   1.7823e-01
  -1.4492e-02   3.2107e-02  -1.4445e-02   4.1652e-02   1.2072e-01
  -1.1267e-01  -5.6315e-02  -5.3651e-02   4.0812e-02   7.5848e-02
  -1.7864e-01  -7.2602e-02  -4.7581e-02   4.2644e-03   9.5410e-02
  -1.8793e-01  -2.7533e-02   2.5104e-02   1.0480e-01   1.7527e-01
  -9.5172e-02   4.9356e-02   1.4733e-01   2.4795e-01   3.0146e-01
   8.0993e-03   1.9993e-01   3.2096e-01   4.2697e-01   4.9620e-01
   1.1112e-01   3.1312e-01   4.6926e-01   6.2284e-01   7.0925e-01
   1.5497e-01   3.8772e-01   5.9929e-01   7.4447e-01   8.7987e-01
   8.9057e-02   3.4844e-01   6.1673e-01   7.8716e-01   9.8481e-01
  -9.4199e-02   1.9108e-01   4.8504e-01   7.2163e-01   9.6005e-01
  -3.9124e-01  -7.9783e-02   2.7301e-01   5.3681e-01   8.2867e-01
  -7.4282e-01  -4.2629e-01  -3.5978e-02   3.0271e-01   6.3831e-01
  -1.1066e+00  -7.7014e-01  -3.4350e-01   3.2758e-02   4.1585e-01
  -1.3698e+00  -1.0724e+00  -6.1059e-01  -2.0630e-01   2.0638e-01
  -1.5393e+00  -1.2333e+00  -7.8924e-01  -3.4083e-01   1.0258e-01
  -1.5428e+00  -1.2616e+00  -8.3531e-01  -3.8824e-01   5.0315e-02
  -1.4672e+00  -1.2076e+00  -7.7556e-01  -3.3607e-01   5.5140e-02
  -1.3160e+00  -1.1029e+00  -6.8848e-01  -3.0751e-01   9.8678e-02
  -1.1735e+00  -9.6134e-01  -6.2202e-01  -2.5201e-01   8.3217e-02
  -9.9811e-01  -8.6453e-01  -5.7833e-01  -2.4424e-01   6.6703e-02
  -9.0405e-01  -8.1231e-01  -5.2550e-01  -2.6545e-01   8.6251e-03
  -8.5150e-01  -7.5774e-01  -5.4988e-01  -3.0731e-01  -2.6648e-02
  -8.1419e-01  -7.1987e-01  -5.0020e-01  -2.9382e-01  -1.9326e-02
  -7.9265e-01  -6.3454e-01  -4.3600e-01  -2.1221e-01   8.2873e-02
  -7.5583e-01  -5.4318e-01  -2.8489e-01  -1.2508e-02   2.8555e-01
  -7.3272e-01  -4.0025e-01  -1.0337e-01   2.3979e-01   5.8725e-01
  -7.1025e-01  -2.6786e-01   1.3701e-01   5.0003e-01   8.7128e-01
  -6.8067e-01  -1.2105e-01   3.3758e-01   7.5572e-01   1.1258e+00
  -6.2655e-01  -2.2128e-02   4.7230e-01   9.0882e-01   1.2841e+00
  -5.2976e-01   2.8458e-02   5.1545e-01   9.4743e-01   1.2829e+00
  -4.2720e-01   3.0940e-02   4.5767e-01   8.4716e-01   1.1119e+00
  -2.5008e-01   4.0466e-02   2.8854e-01   5.4659e-01   7.3533e-01

